Sample output:
==================================================
24
103
42
169
135
44
94
182
73
113
96
145
54
148
101
77
87
185
73
9
166
20
162
144
71
132
89
104
173
30
156
178
134
161
155
109
131
193
167
95
154
7
118
69
197
89
152
19
139
88
112
12
139
99
107
13
179
37
158
52
125
32
190
67
140
5
153
21
158
36
158
86
157
31
157
36
69
114
41
163
39
182
184
35
51
195
189
81
21
11
18
30
36
66
165
84
20
16
170
16
134
19
196
83
183
58
129
28
182
40
187
11
116
59
196
9
141
57
101
62
198
62
126
76
141
79
195
69
159
44
188
80
182
1
156
18
132
72
148
71
139
77
110
81
109
68
131
26
187
18
126
24
126
60
159
49
169
1
164
11
176
40
191
35
183
32
115
33
162
59
171
75
148
94
148
13
160
36
165
37
191
80
152
80
135
46
133
52
156
80
147
5
135
29
180
93
128
79
191
42
All processes terminated cleanly
Run sucessful
